0.0000 1.008767e-01
0.0100 9.986612e-02
0.0200 9.886584e-02
0.0300 9.787553e-02
0.0400 9.689512e-02
0.0500 9.592449e-02
0.0600 9.496362e-02
0.0700 9.401248e-02
0.0800 9.307084e-02
0.0900 9.213866e-02
0.1000 9.121585e-02
0.1100 9.030226e-02
0.1200 8.939775e-02
0.1300 8.850222e-02
0.1400 8.761572e-02
0.1500 8.673810e-02
0.1600 8.586939e-02
0.1700 8.500948e-02
0.1800 8.415823e-02
0.1900 8.331544e-02
0.2000 8.248101e-02
0.2100 8.165489e-02
0.2200 8.083704e-02
0.2300 8.002732e-02
0.2400 7.922571e-02
0.2500 7.843212e-02
0.2600 7.764660e-02
0.2700 7.686891e-02
0.2800 7.609906e-02
0.2900 7.533686e-02
0.3000 7.458245e-02
0.3100 7.383565e-02
0.3200 7.309625e-02
0.3300 7.236418e-02
0.3400 7.163938e-02
0.3500 7.092186e-02
0.3600 7.021165e-02
0.3700 6.950864e-02
0.3800 6.881260e-02
0.3900 6.812343e-02
0.4000 6.744121e-02
0.4100 6.676576e-02
0.4200 6.609705e-02
0.4300 6.543511e-02
0.4400 6.477988e-02
0.4500 6.413124e-02
0.4600 6.348916e-02
0.4700 6.285354e-02
0.4800 6.222431e-02
0.4900 6.160135e-02
0.5000 6.098453e-02
0.5100 6.037384e-02
0.5200 5.976928e-02
0.5300 5.917073e-02
0.5400 5.857822e-02
0.5500 5.799167e-02
0.5600 5.741102e-02
0.5700 5.683618e-02
0.5800 5.626717e-02
0.5900 5.570380e-02
0.6000 5.514616e-02
0.6100 5.459413e-02
0.6200 5.404763e-02
0.6300 5.350657e-02
0.6400 5.297086e-02
0.6500 5.244052e-02
0.6600 5.191543e-02
0.6700 5.139558e-02
0.6800 5.088091e-02
0.6900 5.037141e-02
0.7000 4.986703e-02
0.7100 4.936773e-02
0.7200 4.887337e-02
0.7300 4.838398e-02
0.7400 4.789949e-02
0.7500 4.741986e-02
0.7600 4.694508e-02
0.7700 4.647514e-02
0.7800 4.600993e-02
0.7900 4.554927e-02
0.8000 4.509321e-02
0.8100 4.464172e-02
0.8200 4.419479e-02
0.8300 4.375233e-02
0.8400 4.331432e-02
0.8500 4.288064e-02
0.8600 4.245141e-02
0.8700 4.202647e-02
0.8800 4.160570e-02
0.8900 4.118909e-02
0.9000 4.077659e-02
0.9100 4.036817e-02
0.9200 3.996382e-02
0.9300 3.956345e-02
0.9400 3.916710e-02
0.9500 3.877476e-02
0.9600 3.838632e-02
0.9700 3.800177e-02
0.9800 3.762106e-02
0.9900 3.724412e-02
1.0000 3.687098e-02
1.0100 3.650160e-02
1.0200 3.613592e-02
1.0300 3.577384e-02
1.0400 3.541522e-02
1.0500 3.506028e-02
1.0600 3.470876e-02
1.0700 3.436072e-02
1.0800 3.401628e-02
1.0900 3.367522e-02
1.1000 3.333761e-02
1.1100 3.300327e-02
1.1200 3.267232e-02
1.1300 3.234469e-02
1.1400 3.202034e-02
1.1500 3.169917e-02
1.1600 3.138124e-02
1.1700 3.106653e-02
1.1800 3.075487e-02
1.1900 3.044644e-02
1.2000 3.014115e-02
1.2100 2.983890e-02
1.2200 2.953973e-02
1.2300 2.924346e-02
1.2400 2.895010e-02
1.2500 2.865966e-02
1.2600 2.837217e-02
1.2700 2.808751e-02
1.2800 2.780566e-02
1.2900 2.752661e-02
1.3000 2.725031e-02
1.3100 2.697674e-02
1.3200 2.670588e-02
1.3300 2.643777e-02
1.3400 2.617233e-02
1.3500 2.590963e-02
1.3600 2.564960e-02
1.3700 2.539233e-02
1.3800 2.513776e-02
1.3900 2.488576e-02
1.4000 2.463634e-02
1.4100 2.438946e-02
1.4200 2.414502e-02
1.4300 2.390307e-02
1.4400 2.366359e-02
1.4500 2.342638e-02
1.4600 2.319154e-02
1.4700 2.295901e-02
1.4800 2.272885e-02
1.4900 2.250102e-02
1.5000 2.227551e-02
1.5100 2.205228e-02
1.5200 2.183129e-02
1.5300 2.161252e-02
1.5400 2.139598e-02
1.5500 2.118163e-02
1.5600 2.096932e-02
1.5700 2.075931e-02
1.5800 2.055134e-02
1.5900 2.034534e-02
1.6000 2.014139e-02
1.6100 1.993954e-02
1.6200 1.973963e-02
1.6300 1.954179e-02
1.6400 1.934588e-02
1.6500 1.915201e-02
1.6600 1.896018e-02
1.6700 1.877025e-02
1.6800 1.858220e-02
1.6900 1.839614e-02
1.7000 1.821193e-02
1.7100 1.802955e-02
1.7200 1.784900e-02
1.7300 1.767018e-02
1.7400 1.749315e-02
1.7500 1.731793e-02
1.7600 1.714450e-02
1.7700 1.697283e-02
1.7800 1.680296e-02
1.7900 1.663472e-02
1.8000 1.646808e-02
1.8100 1.630308e-02
1.8200 1.613968e-02
1.8300 1.597783e-02
1.8400 1.581769e-02
1.8500 1.565922e-02
1.8600 1.550230e-02
1.8700 1.534691e-02
1.8800 1.519310e-02
1.8900 1.504070e-02
1.9000 1.488989e-02
1.9100 1.474055e-02
1.9200 1.459261e-02
1.9300 1.444616e-02
1.9400 1.430116e-02
1.9500 1.415765e-02
1.9600 1.401549e-02
1.9700 1.387482e-02
1.9800 1.373562e-02
1.9900 1.359778e-02
2.0000 1.346141e-02
2.0100 1.332629e-02
2.0200 1.319253e-02
2.0300 1.306013e-02
2.0400 1.292910e-02
2.0500 1.279953e-02
2.0600 1.267128e-02
2.0700 1.254424e-02
2.0800 1.241844e-02
2.0900 1.229393e-02
2.1000 1.217061e-02
2.1100 1.204867e-02
2.1200 1.192802e-02
2.1300 1.180864e-02
2.1400 1.169044e-02
2.1500 1.157332e-02
2.1600 1.145742e-02
2.1700 1.134275e-02
2.1800 1.122921e-02
2.1900 1.111684e-02
2.2000 1.100571e-02
2.2100 1.089563e-02
2.2200 1.078665e-02
2.2300 1.067882e-02
2.2400 1.057216e-02
2.2500 1.046656e-02
2.2600 1.036206e-02
2.2700 1.025863e-02
2.2800 1.015629e-02
2.2900 1.005493e-02
2.3000 9.954564e-03
2.3100 9.855128e-03
2.3200 9.756712e-03
2.3300 9.659282e-03
2.3400 9.562821e-03
2.3500 9.467353e-03
2.3600 9.372825e-03
2.3700 9.279162e-03
2.3800 9.186421e-03
2.3900 9.094580e-03
2.4000 9.003745e-03
2.4100 8.913762e-03
2.4200 8.824819e-03
2.4300 8.736773e-03
2.4400 8.649602e-03
2.4500 8.563278e-03
2.4600 8.477850e-03
2.4700 8.393237e-03
2.4800 8.309496e-03
2.4900 8.226701e-03
2.5000 8.144785e-03
2.5100 8.063649e-03
2.5200 7.983253e-03
2.5300 7.903636e-03
2.5400 7.824944e-03
2.5500 7.747052e-03
2.5600 7.669937e-03
2.5700 7.593513e-03
2.5800 7.517914e-03
2.5900 7.443019e-03
2.6000 7.368806e-03
2.6100 7.295374e-03
2.6200 7.222686e-03
2.6300 7.150614e-03
2.6400 7.079233e-03
2.6500 7.008631e-03
2.6600 6.938687e-03
2.6700 6.869380e-03
2.6800 6.800764e-03
2.6900 6.732868e-03
2.7000 6.665642e-03
2.7100 6.599075e-03
2.7200 6.533252e-03
2.7300 6.468162e-03
2.7400 6.403679e-03
2.7500 6.339880e-03
2.7600 6.276646e-03
2.7700 6.214167e-03
2.7800 6.152312e-03
2.7900 6.091087e-03
2.8000 6.030476e-03
2.8100 5.970382e-03
2.8200 5.910897e-03
2.8300 5.851952e-03
2.8400 5.793657e-03
2.8500 5.735873e-03
2.8600 5.678739e-03
2.8700 5.622168e-03
2.8800 5.566108e-03
2.8900 5.510665e-03
2.9000 5.455781e-03
2.9100 5.401472e-03
2.9200 5.347681e-03
2.9300 5.294451e-03
2.9400 5.241738e-03
2.9500 5.189545e-03
2.9600 5.137951e-03
2.9700 5.086938e-03
2.9800 5.036414e-03
2.9900 4.986479e-03
3.0000 4.937026e-03
3.0100 4.888003e-03
3.0200 4.839489e-03
3.0300 4.791489e-03
3.0400 4.744046e-03
3.0500 4.697024e-03
3.0600 4.650446e-03
3.0700 4.604296e-03
3.0800 4.558607e-03
3.0900 4.513339e-03
3.1000 4.468500e-03
3.1100 4.424068e-03
3.1200 4.380103e-03
3.1300 4.336662e-03
3.1400 4.293726e-03
3.1500 4.251174e-03
3.1600 4.209027e-03
3.1700 4.167229e-03
3.1800 4.125922e-03
3.1900 4.084968e-03
3.2000 4.044439e-03
3.2100 4.004386e-03
3.2200 3.964739e-03
3.2300 3.925566e-03
3.2400 3.886737e-03
3.2500 3.848310e-03
3.2600 3.810275e-03
3.2700 3.772685e-03
3.2800 3.735443e-03
3.2900 3.698479e-03
3.3000 3.661900e-03
3.3100 3.625691e-03
3.3200 3.589812e-03
3.3300 3.554369e-03
3.3400 3.519224e-03
3.3500 3.484349e-03
3.3600 3.449855e-03
3.3700 3.415740e-03
3.3800 3.382003e-03
3.3900 3.348585e-03
3.4000 3.315515e-03
3.4100 3.282762e-03
3.4200 3.250376e-03
3.4300 3.218294e-03
3.4400 3.186507e-03
3.4500 3.155011e-03
3.4600 3.123905e-03
3.4700 3.093267e-03
3.4800 3.063020e-03
3.4900 3.033038e-03
3.5000 3.003394e-03
3.5100 2.974139e-03
3.5200 2.945203e-03
3.5300 2.916569e-03
3.5400 2.888084e-03
3.5500 2.859791e-03
3.5600 2.831680e-03
3.5700 2.803854e-03
3.5800 2.776342e-03
3.5900 2.749044e-03
3.6000 2.722057e-03
3.6100 2.695391e-03
3.6200 2.669084e-03
3.6300 2.643011e-03
3.6400 2.617136e-03
3.6500 2.591463e-03
3.6600 2.566043e-03
3.6700 2.540818e-03
3.6800 2.515850e-03
3.6900 2.491150e-03
3.7000 2.466672e-03
3.7100 2.442435e-03
3.7200 2.418391e-03
3.7300 2.394654e-03
3.7400 2.371221e-03
3.7500 2.348103e-03
3.7600 2.325222e-03
3.7700 2.302570e-03
3.7800 2.280150e-03
3.7900 2.257977e-03
3.8000 2.236098e-03
3.8100 2.214576e-03
3.8200 2.193287e-03
3.8300 2.172094e-03
3.8400 2.151094e-03
3.8500 2.130347e-03
3.8600 2.109724e-03
3.8700 2.089361e-03
3.8800 2.069162e-03
3.8900 2.049224e-03
3.9000 2.029539e-03
3.9100 2.010069e-03
3.9200 1.990784e-03
3.9300 1.971610e-03
3.9400 1.952630e-03
3.9500 1.933782e-03
3.9600 1.914988e-03
3.9700 1.896413e-03
3.9800 1.878023e-03
3.9900 1.859773e-03
4.0000 1.841654e-03
4.0100 1.823804e-03
4.0200 1.806114e-03
4.0300 1.788679e-03
4.0400 1.771439e-03
4.0500 1.754340e-03
4.0600 1.737373e-03
4.0700 1.720630e-03
4.0800 1.704003e-03
4.0900 1.687645e-03
4.1000 1.671515e-03
4.1100 1.655499e-03
4.1200 1.639641e-03
4.1300 1.623903e-03
4.1400 1.608481e-03
4.1500 1.593141e-03
4.1600 1.578005e-03
4.1700 1.563028e-03
4.1800 1.548188e-03
4.1900 1.533442e-03
4.2000 1.518945e-03
4.2100 1.504620e-03
4.2200 1.490377e-03
4.2300 1.476300e-03
4.2400 1.462284e-03
4.2500 1.448440e-03
4.2600 1.434719e-03
4.2700 1.421065e-03
4.2800 1.407586e-03
4.2900 1.394172e-03
4.3000 1.381008e-03
4.3100 1.368028e-03
4.3200 1.354999e-03
4.3300 1.342049e-03
4.3400 1.329209e-03
4.3500 1.316501e-03
4.3600 1.303860e-03
4.3700 1.291194e-03
4.3800 1.278693e-03
4.3900 1.266303e-03
4.4000 1.254014e-03
4.4100 1.241838e-03
4.4200 1.229837e-03
4.4300 1.217929e-03
4.4400 1.206130e-03
4.4500 1.194381e-03
4.4600 1.182787e-03
4.4700 1.171249e-03
4.4800 1.159919e-03
4.4900 1.148718e-03
4.5000 1.137632e-03
4.5100 1.126701e-03
4.5200 1.115903e-03
4.5300 1.105190e-03
4.5400 1.094684e-03
4.5500 1.084313e-03
4.5600 1.074116e-03
4.5700 1.064106e-03
4.5800 1.054067e-03
4.5900 1.044101e-03
4.6000 1.034275e-03
4.6100 1.024559e-03
4.6200 1.014929e-03
4.6300 1.005414e-03
4.6400 9.960375e-04
4.6500 9.867335e-04
4.6600 9.774739e-04
4.6700 9.682741e-04
4.6800 9.592298e-04
4.6900 9.503174e-04
4.7000 9.413786e-04
4.7100 9.324252e-04
4.7200 9.235045e-04
4.7300 9.147189e-04
4.7400 9.060477e-04
4.7500 8.974473e-04
4.7600 8.889862e-04
4.7700 8.804624e-04
4.7800 8.720640e-04
4.7900 8.636474e-04
4.8000 8.552003e-04
4.8100 8.469499e-04
4.8200 8.387777e-04
4.8300 8.308233e-04
4.8400 8.229809e-04
4.8500 8.152088e-04
4.8600 8.074130e-04
4.8700 7.996729e-04
4.8800 7.920095e-04
4.8900 7.845558e-04
4.9000 7.771549e-04
4.9100 7.697860e-04
4.9200 7.625308e-04
4.9300 7.553654e-04
4.9400 7.482315e-04
4.9500 7.411409e-04
4.9600 7.341320e-04
4.9700 7.273166e-04
4.9800 7.203913e-04
4.9900 7.135828e-04
5.0000 7.068582e-04
5.0100 7.002070e-04
5.0200 6.936057e-04
5.0300 6.869727e-04
5.0400 6.804144e-04
5.0500 6.738789e-04
5.0600 6.673726e-04
5.0700 6.609463e-04
5.0800 6.545436e-04
5.0900 6.482630e-04
5.1000 6.419801e-04
5.1100 6.357248e-04
5.1200 6.296830e-04
5.1300 6.236743e-04
5.1400 6.177661e-04
5.1500 6.118861e-04
5.1600 6.060993e-04
5.1700 6.003881e-04
5.1800 5.946896e-04
5.1900 5.890982e-04
5.2000 5.835131e-04
5.2100 5.780263e-04
5.2200 5.727922e-04
5.2300 5.675424e-04
5.2400 5.623905e-04
5.2500 5.572271e-04
5.2600 5.521003e-04
5.2700 5.469897e-04
5.2800 5.418733e-04
5.2900 5.369521e-04
5.3000 5.320137e-04
5.3100 5.271101e-04
5.3200 5.222406e-04
5.3300 5.173895e-04
5.3400 5.126638e-04
5.3500 5.080206e-04
5.3600 5.034086e-04
5.3700 4.989227e-04
5.3800 4.945554e-04
5.3900 4.901791e-04
5.4000 4.859388e-04
5.4100 4.817477e-04
5.4200 4.776854e-04
5.4300 4.736647e-04
5.4400 4.696591e-04
5.4500 4.655981e-04
5.4600 4.615793e-04
5.4700 4.575578e-04
5.4800 4.536448e-04
5.4900 4.498411e-04
5.5000 4.461094e-04
5.5100 4.423353e-04
5.5200 4.386196e-04
5.5300 4.349312e-04
5.5400 4.313162e-04
5.5500 4.277892e-04
5.5600 4.242417e-04
5.5700 4.207244e-04
5.5800 4.172567e-04
5.5900 4.139254e-04
5.6000 4.105371e-04
5.6100 4.071004e-04
5.6200 4.036213e-04
5.6300 4.000964e-04
5.6400 3.966944e-04
5.6500 3.932649e-04
5.6600 3.899326e-04
5.6700 3.866086e-04
5.6800 3.833916e-04
5.6900 3.801660e-04
5.7000 3.770737e-04
5.7100 3.739615e-04
5.7200 3.709759e-04
5.7300 3.679751e-04
5.7400 3.650774e-04
5.7500 3.621839e-04
5.7600 3.592856e-04
5.7700 3.563814e-04
5.7800 3.534128e-04
5.7900 3.505242e-04
5.8000 3.477259e-04
5.8100 3.449918e-04
5.8200 3.421409e-04
5.8300 3.392084e-04
5.8400 3.362200e-04
5.8500 3.331966e-04
5.8600 3.301470e-04
5.8700 3.271405e-04
5.8800 3.242166e-04
5.8900 3.213891e-04
5.9000 3.186657e-04
5.9100 3.159597e-04
5.9200 3.132743e-04
5.9300 3.105474e-04
5.9400 3.078752e-04
5.9500 3.053708e-04
5.9600 3.028245e-04
5.9700 3.003326e-04
5.9800 2.977454e-04
5.9900 2.951649e-04
6.0000 2.926055e-04
6.0100 2.900459e-04
6.0200 2.874604e-04
6.0300 2.848135e-04
6.0400 2.823125e-04
6.0500 2.798040e-04
6.0600 2.774095e-04
6.0700 2.750963e-04
6.0800 2.728670e-04
6.0900 2.707372e-04
6.1000 2.685087e-04
6.1100 2.663301e-04
6.1200 2.641359e-04
6.1300 2.619170e-04
6.1400 2.597614e-04
6.1500 2.575999e-04
6.1600 2.553490e-04
6.1700 2.531399e-04
6.1800 2.509315e-04
6.1900 2.487129e-04
6.2000 2.463934e-04
6.2100 2.441085e-04
6.2200 2.417396e-04
6.2300 2.393249e-04
6.2400 2.369282e-04
6.2500 2.344059e-04
6.2600 2.319214e-04
6.2700 2.295629e-04
6.2800 2.272408e-04
6.2900 2.249537e-04
6.3000 2.226189e-04
6.3100 2.202988e-04
6.3200 2.180207e-04
6.3300 2.157608e-04
6.3400 2.135575e-04
6.3500 2.114120e-04
6.3600 2.091851e-04
6.3700 2.070401e-04
6.3800 2.049866e-04
6.3900 2.028538e-04
6.4000 2.008414e-04
6.4100 1.988966e-04
6.4200 1.969104e-04
6.4300 1.950542e-04
6.4400 1.931249e-04
6.4500 1.911763e-04
6.4600 1.892209e-04
6.4700 1.873050e-04
6.4800 1.853741e-04
6.4900 1.834549e-04
6.5000 1.816262e-04
6.5100 1.798744e-04
6.5200 1.781749e-04
6.5300 1.764302e-04
6.5400 1.747307e-04
6.5500 1.730721e-04
6.5600 1.714556e-04
6.5700 1.699029e-04
6.5800 1.684035e-04
6.5900 1.670058e-04
6.6000 1.656828e-04
6.6100 1.644146e-04
6.6200 1.630955e-04
6.6300 1.617644e-04
6.6400 1.605428e-04
6.6500 1.593024e-04
6.6600 1.582178e-04
6.6700 1.571252e-04
6.6800 1.560483e-04
6.6900 1.549394e-04
6.7000 1.538693e-04
6.7100 1.527992e-04
6.7200 1.517629e-04
6.7300 1.508160e-04
6.7400 1.498482e-04
6.7500 1.488808e-04
6.7600 1.479078e-04
6.7700 1.469117e-04
6.7800 1.459575e-04
6.7900 1.450016e-04
6.8000 1.440473e-04
6.8100 1.430958e-04
6.8200 1.420914e-04
6.8300 1.411372e-04
6.8400 1.401419e-04
6.8500 1.392987e-04
6.8600 1.383685e-04
6.8700 1.375289e-04
6.8800 1.367042e-04
6.8900 1.358468e-04
6.9000 1.349208e-04
6.9100 1.340179e-04
6.9200 1.331913e-04
6.9300 1.324294e-04
6.9400 1.318139e-04
6.9500 1.312276e-04
6.9600 1.305989e-04
6.9700 1.299328e-04
6.9800 1.293355e-04
6.9900 1.287889e-04
7.0000 1.282401e-04
7.0100 1.277240e-04
7.0200 1.272742e-04
7.0300 1.268767e-04
7.0400 1.263846e-04
7.0500 1.258097e-04
7.0600 1.253291e-04
7.0700 1.249232e-04
7.0800 1.245493e-04
7.0900 1.242344e-04
7.1000 1.237436e-04
7.1100 1.231895e-04
7.1200 1.226894e-04
7.1300 1.221865e-04
7.1400 1.216492e-04
7.1500 1.210640e-04
7.1600 1.204257e-04
7.1700 1.197752e-04
7.1800 1.190531e-04
7.1900 1.182453e-04
7.2000 1.174108e-04
7.2100 1.165114e-04
7.2200 1.156180e-04
7.2300 1.147136e-04
7.2400 1.137818e-04
7.2500 1.128667e-04
7.2600 1.118543e-04
7.2700 1.107908e-04
7.2800 1.097402e-04
7.2900 1.087288e-04
7.3000 1.077403e-04
7.3100 1.067807e-04
7.3200 1.057416e-04
7.3300 1.047345e-04
7.3400 1.038133e-04
7.3500 1.029383e-04
7.3600 1.020607e-04
7.3700 1.012607e-04
7.3800 1.003382e-04
7.3900 9.940478e-05
7.4000 9.848962e-05
7.4100 9.759725e-05
7.4200 9.668038e-05
7.4300 9.577499e-05
7.4400 9.491027e-05
7.4500 9.405057e-05
7.4600 9.323479e-05
7.4700 9.247230e-05
7.4800 9.174896e-05
7.4900 9.099692e-05
7.5000 9.033675e-05
7.5100 8.970432e-05
7.5200 8.907564e-05
7.5300 8.851698e-05
7.5400 8.792801e-05
7.5500 8.735572e-05
7.5600 8.674215e-05
7.5700 8.611273e-05
7.5800 8.538765e-05
7.5900 8.454493e-05
7.6000 8.369021e-05
7.6100 8.294890e-05
7.6200 8.220012e-05
7.6300 8.150402e-05
7.6400 8.073715e-05
7.6500 7.997842e-05
7.6600 7.917445e-05
7.6700 7.843632e-05
7.6800 7.773437e-05
7.6900 7.710380e-05
7.7000 7.644936e-05
7.7100 7.573496e-05
7.7200 7.483761e-05
7.7300 7.389039e-05
7.7400 7.299572e-05
7.7500 7.209635e-05
7.7600 7.126834e-05
7.7700 7.044436e-05
7.7800 6.971192e-05
7.7900 6.900464e-05
7.8000 6.835290e-05
7.8100 6.776409e-05
7.8200 6.717968e-05
7.8300 6.659428e-05
7.8400 6.601014e-05
7.8500 6.541616e-05
7.8600 6.470913e-05
7.8700 6.408865e-05
7.8800 6.354321e-05
7.8900 6.304093e-05
7.9000 6.250618e-05
7.9100 6.196988e-05
7.9200 6.151616e-05
7.9300 6.107083e-05
7.9400 6.064968e-05
7.9500 6.031795e-05
7.9600 6.005090e-05
7.9700 5.972735e-05
7.9800 5.948878e-05
7.9900 5.919506e-05
8.0000 5.892350e-05
8.0100 5.857527e-05
8.0200 5.827231e-05
8.0300 5.800265e-05
8.0400 5.781665e-05
8.0500 5.764569e-05
8.0600 5.755295e-05
8.0700 5.751873e-05
8.0800 5.741384e-05
8.0900 5.725183e-05
8.1000 5.700410e-05
8.1100 5.671412e-05
8.1200 5.644971e-05
8.1300 5.618857e-05
8.1400 5.589152e-05
8.1500 5.566918e-05
8.1600 5.552673e-05
8.1700 5.534842e-05
8.1800 5.503983e-05
8.1900 5.476853e-05
8.2000 5.450586e-05
8.2100 5.419907e-05
8.2200 5.380556e-05
8.2300 5.340197e-05
8.2400 5.303219e-05
8.2500 5.269346e-05
8.2600 5.233308e-05
8.2700 5.196115e-05
8.2800 5.153024e-05
8.2900 5.110235e-05
8.3000 5.075790e-05
8.3100 5.038260e-05
8.3200 4.997171e-05
8.3300 4.943932e-05
8.3400 4.886454e-05
8.3500 4.819322e-05
8.3600 4.755944e-05
8.3700 4.694432e-05
8.3800 4.615594e-05
8.3900 4.528791e-05
8.4000 4.437188e-05
8.4100 4.343859e-05
8.4200 4.251908e-05
8.4300 4.167964e-05
8.4400 4.086203e-05
8.4500 4.000869e-05
8.4600 3.909798e-05
8.4700 3.815108e-05
8.4800 3.719610e-05
8.4900 3.618877e-05
8.5000 3.522884e-05
8.5100 3.427409e-05
8.5200 3.325364e-05
8.5300 3.216420e-05
8.5400 3.116168e-05
8.5500 3.018809e-05
8.5600 2.909288e-05
8.5700 2.809911e-05
8.5800 2.709044e-05
8.5900 2.603414e-05
8.6000 2.505380e-05
8.6100 2.405961e-05
8.6200 2.299125e-05
8.6300 2.188796e-05
8.6400 2.084326e-05
8.6500 1.973426e-05
8.6600 1.857127e-05
8.6700 1.737671e-05
8.6800 1.611980e-05
8.6900 1.499277e-05
8.7000 1.393198e-05
8.7100 1.290256e-05
8.7200 1.206178e-05
8.7300 1.124046e-05
8.7400 1.038859e-05
8.7500 9.646203e-06
8.7600 8.890837e-06
8.7700 8.084111e-06
8.7800 7.312319e-06
8.7900 6.458417e-06
8.8000 5.677388e-06
8.8100 4.898870e-06
8.8200 4.021439e-06
8.8300 3.217909e-06
8.8400 2.404690e-06
8.8500 1.592142e-06
8.8600 8.689914e-07
8.8700 2.623845e-07
8.8800 -4.156542e-07
8.8900 -1.041785e-06
8.9000 -1.712229e-06
8.9100 -2.391989e-06
8.9200 -3.052366e-06
8.9300 -3.740677e-06
8.9400 -4.423507e-06
8.9500 -5.115976e-06
8.9600 -5.896511e-06
8.9700 -6.648340e-06
8.9800 -7.363781e-06
8.9900 -8.067206e-06
9.0000 -8.714853e-06
9.0100 -9.253115e-06
9.0200 -9.820826e-06
9.0300 -1.043644e-05
9.0400 -1.098509e-05
9.0500 -1.142052e-05
9.0600 -1.187260e-05
9.0700 -1.216518e-05
9.0800 -1.252424e-05
9.0900 -1.277595e-05
9.1000 -1.297606e-05
9.1100 -1.314415e-05
9.1200 -1.336253e-05
9.1300 -1.353299e-05
9.1400 -1.375356e-05
9.1500 -1.392143e-05
9.1600 -1.407167e-05
9.1700 -1.425654e-05
9.1800 -1.451260e-05
9.1900 -1.477460e-05
9.2000 -1.493554e-05
9.2100 -1.522743e-05
9.2200 -1.545713e-05
9.2300 -1.559927e-05
9.2400 -1.561284e-05
9.2500 -1.565583e-05
9.2600 -1.558450e-05
9.2700 -1.540218e-05
9.2800 -1.508337e-05
9.2900 -1.460543e-05
9.3000 -1.415728e-05
9.3100 -1.365368e-05
9.3200 -1.318672e-05
9.3300 -1.261130e-05
9.3400 -1.196542e-05
9.3500 -1.122049e-05
9.3600 -1.053012e-05
9.3700 -9.856790e-06
9.3800 -9.182657e-06
9.3900 -8.489789e-06
9.4000 -7.814347e-06
9.4100 -7.204847e-06
9.4200 -6.657076e-06
9.4300 -6.146265e-06
9.4400 -5.575544e-06
9.4500 -4.909208e-06
9.4600 -4.304996e-06
9.4700 -3.772320e-06
9.4800 -3.412532e-06
9.4900 -3.050350e-06
9.5000 -2.654586e-06
9.5100 -2.214096e-06
9.5200 -1.718016e-06
9.5300 -1.186761e-06
9.5400 -6.017308e-07
9.5500 1.080499e-09
9.5600 6.038098e-07
9.5700 1.148963e-06
9.5800 1.689218e-06
9.5900 2.218505e-06
9.6000 2.724109e-06
9.6100 3.143201e-06
9.6200 3.547627e-06
9.6300 3.849294e-06
9.6400 4.208442e-06
9.6500 4.455445e-06
9.6600 4.744841e-06
9.6700 4.957569e-06
9.6800 5.121687e-06
9.6900 5.429451e-06
9.7000 5.768298e-06
9.7100 6.159152e-06
9.7200 6.472020e-06
9.7300 6.656110e-06
9.7400 6.865412e-06
9.7500 7.006622e-06
9.7600 7.112745e-06
9.7700 7.272274e-06
9.7800 7.506219e-06
9.7900 7.862828e-06
9.8000 8.224996e-06
9.8100 8.569841e-06
9.8200 8.908183e-06
9.8300 9.321616e-06
9.8400 9.714327e-06
9.8500 1.013048e-05
9.8600 1.065006e-05
9.8700 1.114156e-05
9.8800 1.162432e-05
9.8900 1.213301e-05
9.9000 1.265217e-05
9.9100 1.318328e-05
9.9200 1.358864e-05
9.9300 1.380250e-05
9.9400 1.399399e-05
9.9500 1.410226e-05
9.9600 1.420550e-05
9.9700 1.426981e-05
9.9800 1.431307e-05
9.9900 1.435810e-05
10.0000 1.444833e-05
