# t=0.3s
3 3 10 21 36 73 105 176 262 400 536 690 803 885 981 930 870 830 671 542 388 283 195 147 81 40 18 14 6 1
-0.030951 0.020165 0.071281 0.122397 0.173513 0.224628 0.275744 0.326860 0.377976 0.429092 0.480208 0.531324 0.582440 0.633556 0.684672 0.735788 0.786903 0.838019 0.889135 0.940251 0.991367 1.042483 1.093599 1.144715 1.195831 1.246947 1.298063 1.349178 1.400294 1.451410 1.502526
# t=0.5s
3 9 20 39 58 111 195 288 409 554 661 863 861 908 989 866 822 686 533 378 266 179 117 76 51 30 15 8 3 2
-0.240171 -0.179857 -0.119542 -0.059228 0.001087 0.061401 0.121716 0.182030 0.242345 0.302659 0.362974 0.423288 0.483602 0.543917 0.604231 0.664546 0.724860 0.785175 0.845489 0.905804 0.966118 1.026433 1.086747 1.147062 1.207376 1.267691 1.328005 1.388320 1.448634 1.508948 1.569263
# t=1.0s
1 2 8 10 17 43 75 94 185 284 398 552 761 872 947 1012 1027 893 780 651 470 349 259 139 89 41 19 14 7 1
-0.812011 -0.736987 -0.661964 -0.586941 -0.511918 -0.436895 -0.361872 -0.286849 -0.211825 -0.136802 -0.061779 0.013244 0.088267 0.163290 0.238313 0.313337 0.388360 0.463383 0.538406 0.613429 0.688452 0.763475 0.838499 0.913522 0.988545 1.063568 1.138591 1.213614 1.288637 1.363661 1.438684
# t=4.0s
6 11 14 25 40 75 106 244 298 444 579 695 865 935 986 930 902 757 634 502 365 236 147 90 61 29 14 5 2 3
-1.125919 -1.048048 -0.970177 -0.892307 -0.814436 -0.736566 -0.658695 -0.580825 -0.502954 -0.425083 -0.347213 -0.269342 -0.191472 -0.113601 -0.035730 0.042140 0.120011 0.197881 0.275752 0.353622 0.431493 0.509364 0.587234 0.665105 0.742975 0.820846 0.898717 0.976587 1.054458 1.132328 1.210199
