0.000000
0.000000
0.000000
0.000000
0.000000
0.000000
0.000000
0.000000
0.000000
0.000000
0.000000
0.000000
0.000000
0.000000
0.000000
0.000000
0.000000
0.000000
0.000000
0.000000
0.000000
0.000000
0.000000
0.000000
0.000000
0.000000
0.000000
0.000000
0.000000
0.000000
0.000000
0.000000
0.000000
0.000000
0.000000
0.000000
0.000001
0.000001
0.000003
0.000006
0.000011
0.000023
0.000044
0.000084
0.000156
0.000285
0.000510
0.000895
0.001539
0.002595
0.004290
0.006950
0.011039
0.017187
0.026231
0.039242
0.057548
0.082726
0.116572
0.161021
0.218026
0.289381
0.376503
0.480181
0.600314
0.735680
0.883763
1.040687
1.201272
1.359251
1.507630
1.639181
1.747012
1.825165
1.869155
1.876400
1.846471
1.781134
1.684177
1.561046
1.418341
1.263231
1.102864
0.943839
0.791791
0.651120
0.524865
0.414736
0.321242
0.243911
0.181537
0.132446
0.094721
0.066404
0.045633
0.030739
0.020298
0.013138
0.008336
0.005185
