# V_axis
-1.500000 -1.469697 -1.439394 -1.409091 -1.378788 -1.348485 -1.318182 -1.287879 -1.257576 -1.227273 -1.196970 -1.166667 -1.136364 -1.106061 -1.075758 -1.045455 -1.015152 -0.984848 -0.954545 -0.924242 -0.893939 -0.863636 -0.833333 -0.803030 -0.772727 -0.742424 -0.712121 -0.681818 -0.651515 -0.621212 -0.590909 -0.560606 -0.530303 -0.500000 -0.469697 -0.439394 -0.409091 -0.378788 -0.348485 -0.318182 -0.287879 -0.257576 -0.227273 -0.196970 -0.166667 -0.136364 -0.106061 -0.075758 -0.045455 -0.015152 0.015152 0.045455 0.075758 0.106061 0.136364 0.166667 0.196970 0.227273 0.257576 0.287879 0.318182 0.348485 0.378788 0.409091 0.439394 0.469697 0.500000 0.530303 0.560606 0.590909 0.621212 0.651515 0.681818 0.712121 0.742424 0.772727 0.803030 0.833333 0.863636 0.893939 0.924242 0.954545 0.984848 1.015152 1.045455 1.075758 1.106061 1.136364 1.166667 1.196970 1.227273 1.257576 1.287879 1.318182 1.348485 1.378788 1.409091 1.439394 1.469697 1.500000
# P values for time 0.3s
0.000000 0.000000 0.000000 0.000000 0.000000 0.000000 0.000000 0.000000 0.000000 0.000000 0.000000 0.000000 0.000000 0.000000 0.000000 0.000000 0.000000 0.000000 0.000000 0.000000 0.000000 0.000000 0.000000 0.000000 0.000000 0.000000 0.000000 0.000000 0.000000 0.000000 0.000000 0.000000 0.000000 0.000000 0.000000 0.000000 0.000001 0.000002 0.000004 0.000008 0.000015 0.000030 0.000058 0.000110 0.000204 0.000372 0.000664 0.001160 0.001988 0.003336 0.005487 0.008843 0.013964 0.021606 0.032757 0.048663 0.070835 0.101032 0.141200 0.193361 0.259456 0.341131 0.439480 0.554776 0.686211 0.831685 0.987691 1.149330 1.310476 1.464113 1.602807 1.719289 1.807082 1.861091 1.878100 1.857081 1.799302 1.708198 1.589036 1.448405 1.293623 1.132104 0.970792 0.815693 0.671566 0.541766 0.428249 0.331697 0.251737 0.187204 0.136409 0.097394 0.068137 0.046708 0.031374 0.020649 0.013317 0.008415 0.005210 0.003161
# P values for time 0.5s
0.000000 0.000000 0.000000 0.000000 0.000000 0.000000 0.000000 0.000000 0.000000 0.000000 0.000000 0.000000 0.000000 0.000000 0.000000 0.000000 0.000000 0.000000 0.000000 0.000000 0.000000 0.000000 0.000000 0.000000 0.000000 0.000001 0.000002 0.000003 0.000006 0.000011 0.000019 0.000033 0.000058 0.000099 0.000167 0.000277 0.000454 0.000734 0.001168 0.001833 0.002834 0.004320 0.006490 0.009609 0.014022 0.020167 0.028586 0.039935 0.054986 0.074617 0.099796 0.131547 0.170899 0.218821 0.276141 0.343449 0.421004 0.508628 0.605627 0.710725 0.822032 0.937059 1.052777 1.165727 1.272179 1.368330 1.450523 1.515477 1.560504 1.583696 1.584053 1.561560 1.517185 1.452813 1.371108 1.275337 1.169147 1.056341 0.940656 0.825559 0.714096 0.608774 0.511501 0.423573 0.345701 0.278077 0.220455 0.172252 0.132648 0.100677 0.075309 0.055521 0.040342 0.028890 0.020391 0.014184 0.009725 0.006571 0.004376 0.002872
# P values for time 1.0s
0.000000 0.000000 0.000000 0.000000 0.000000 0.000000 0.000000 0.000000 0.000000 0.000001 0.000001 0.000002 0.000003 0.000005 0.000008 0.000013 0.000021 0.000034 0.000055 0.000087 0.000136 0.000211 0.000323 0.000489 0.000733 0.001088 0.001597 0.002319 0.003333 0.004738 0.006666 0.009279 0.012779 0.017414 0.023480 0.031323 0.041346 0.053998 0.069778 0.089217 0.112865 0.141274 0.174965 0.214402 0.259953 0.311852 0.370160 0.434729 0.505167 0.580818 0.660742 0.743725 0.828285 0.912716 0.995128 1.073521 1.145854 1.210142 1.264535 1.307415 1.337468 1.353760 1.355774 1.343448 1.317172 1.277767 1.226446 1.164752 1.094475 1.017575 0.936083 0.852021 0.767316 0.683732 0.602816 0.525862 0.453886 0.387623 0.327537 0.273841 0.226529 0.185412 0.150155 0.120318 0.095391 0.074829 0.058080 0.044603 0.033892 0.025481 0.018955 0.013951 0.010160 0.007321 0.005219 0.003682 0.002570 0.001775 0.001213 0.000820
# P values for time 4.0s
0.000012 0.000020 0.000031 0.000047 0.000073 0.000110 0.000166 0.000248 0.000367 0.000538 0.000781 0.001124 0.001603 0.002264 0.003169 0.004394 0.006039 0.008223 0.011094 0.014831 0.019645 0.025785 0.033533 0.043211 0.055173 0.069803 0.087505 0.108692 0.133775 0.163141 0.197133 0.236031 0.280020 0.329169 0.383407 0.442498 0.506026 0.573384 0.643768 0.716182 0.789456 0.862270 0.933189 1.000705 1.063294 1.119468 1.167831 1.207145 1.236373 1.254729 1.261715 1.257138 1.241125 1.214112 1.176827 1.130257 1.075603 1.014234 0.947620 0.877287 0.804747 0.731455 0.658759 0.587863 0.519800 0.455415 0.395357 0.340080 0.289857 0.244792 0.204844 0.169847 0.139541 0.113595 0.091627 0.073232 0.057995 0.045508 0.035383 0.027260 0.020809 0.015740 0.011796 0.008760 0.006446 0.004700 0.003395 0.002430 0.001724 0.001211 0.000844 0.000582 0.000398 0.000270 0.000181 0.000120 0.000079 0.000052 0.000034 0.000021
